;22;20;12;17;21;24;18;;
22;0;153.629;165.893;207.218;167.536;200.954;166.17;;1061.4
20;153.629;0;195.052;175.312;175.756;185.657;170.147;;1055.553
12;165.893;195.052;0;174.077;178.983;153.072;181.613;;1048.69
17;207.218;175.312;174.077;0;143.314;171.593;177.166;;1048.68
21;167.536;175.756;178.983;143.314;0;186.193;202.862;;1054.644
24;200.954;185.657;153.072;171.593;186.193;0;155.108;;1052.577
18;166.17;170.147;181.613;177.166;202.862;155.108;0;;1053.066
;;;;;;;;;
;;;;;;;;;12.72
